0 0.743270 0.341869 0.017078 0.017744
0 0.606647 0.272160 0.009488 0.012674
0 0.422587 0.237940 0.020873 0.022814
0 0.558260 0.244277 0.018975 0.012674
0 0.445357 0.201818 0.017078 0.019011
0 0.533592 0.208155 0.022770 0.019011
0 0.649342 0.248713 0.018975 0.013942
0 0.227141 0.297509 0.024668 0.020279
0 0.805888 0.390665 0.020873 0.013942
0 0.334351 0.270893 0.015180 0.017744
0 0.911201 0.660627 0.022770 0.013942
0 0.149342 0.583314 0.032258 0.019011
0 0.892226 0.579511 0.022770 0.016477
0 0.157881 0.447065 0.018975 0.022814
0 0.112340 0.642883 0.030361 0.021546
0 0.321069 0.361514 0.034156 0.019011
0 0.788810 0.528180 0.017078 0.017744
0 0.909304 0.566837 0.015180 0.013942
