0 0.479756 0.023126 0.016160 0.018519
0 0.753045 0.315149 0.009506 0.021368
0 0.513026 0.028112 0.008555 0.017094
0 0.467874 0.247485 0.015209 0.025641
0 0.197912 0.284522 0.011407 0.017094
0 0.486410 0.191217 0.010456 0.015670
0 0.314357 0.122841 0.016160 0.015670
0 0.703615 0.681958 0.015209 0.031339
0 0.177474 0.464009 0.019962 0.025641
0 0.591923 0.097912 0.012357 0.019943
0 0.623292 0.256744 0.016160 0.024217
0 0.178900 0.317998 0.015209 0.024217
0 0.482608 0.077969 0.012357 0.014245
0 0.838596 0.499622 0.013308 0.034188
