0 0.251144 0.230391 0.022814 0.039886
0 0.492113 0.205462 0.019962 0.024217
0 0.595250 0.245348 0.011407 0.021368
0 0.168686 0.768115 0.027513 0.044238
0 0.901809 0.981292 0.021863 0.037415
0 0.677950 0.414152 0.011407 0.025641
0 0.117360 0.949931 0.033139 0.059552
0 0.183164 0.472160 0.020627 0.032882
0 0.349119 0.292940 0.027057 0.045049
0 0.869490 0.810875 0.021863 0.032764
0 0.370385 0.384893 0.011187 0.024823
0 0.564357 0.275975 0.012357 0.014245
0 0.849052 0.739650 0.017110 0.035613
0 0.738311 0.488938 0.018061 0.029915
