0 0.312472 0.124531 0.010631 0.012832
0 0.481624 0.076153 0.010282 0.014369
0 0.753303 0.314588 0.007568 0.015862
0 0.176831 0.463123 0.012683 0.019675
0 0.197467 0.283771 0.007836 0.012802
0 0.837942 0.495405 0.010924 0.015735
0 0.624109 0.254295 0.011627 0.017374
0 0.179234 0.317233 0.014972 0.022519
0 0.448537 0.150664 0.006052 0.011616
0 0.704954 0.679055 0.015753 0.021717
0 0.479593 0.021686 0.010324 0.013913
0 0.467467 0.244234 0.015512 0.020897
0 0.486281 0.188573 0.008557 0.011874
0 0.512018 0.027586 0.008060 0.011920
0 0.495611 0.261568 0.011274 0.016425
0 0.591931 0.098341 0.008700 0.016066
