0 0.432227 0.679109 0.010456 0.017094
0 0.392303 0.097200 0.012357 0.018519
0 0.287741 0.137086 0.006654 0.021368
0 0.524433 0.312300 0.006654 0.021368
0 0.354756 0.124265 0.007605 0.018519
0 0.196011 0.458311 0.007605 0.017094
0 0.306277 0.517428 0.013308 0.021368
0 0.387075 0.404180 0.009506 0.017094
0 0.451239 0.132813 0.006654 0.015670
0 0.455992 0.261018 0.006654 0.021368
0 0.537741 0.327969 0.008555 0.015670
0 0.299147 0.236801 0.016160 0.024217
0 0.245440 0.220419 0.007605 0.014245
0 0.241638 0.340077 0.009506 0.019943
0 0.404185 0.274550 0.007605 0.019943
0 0.172722 0.621416 0.012357 0.018519
0 0.354281 0.496060 0.018061 0.018519
