0 0.682227 0.236089 0.016160 0.028490
0 0.134699 0.627827 0.019962 0.025641
0 0.553900 0.148482 0.014259 0.027066
0 0.429851 0.296630 0.015209 0.029915
0 0.430801 0.150619 0.011407 0.025641
0 0.141353 0.471132 0.006654 0.028490
0 0.398007 0.387086 0.016160 0.025641
0 0.401334 0.225405 0.011407 0.024217
0 0.125668 0.505320 0.020913 0.028490
0 0.464547 0.087228 0.010456 0.015670
0 0.517303 0.079394 0.007605 0.008547
0 0.258273 0.219707 0.012357 0.027066
0 0.431752 0.082955 0.013308 0.021368
0 0.709794 0.395633 0.014259 0.025641
0 0.801049 0.587228 0.016160 0.038462
