0 0.029185 0.512971 0.027567 0.040558
0 0.290592 0.149853 0.023764 0.039290
0 0.721201 0.964175 0.023764 0.035488
0 0.614262 0.556064 0.036122 0.043093
0 0.441258 0.984623 0.032319 0.030755
0 0.472627 0.946431 0.032319 0.040558
0 0.355231 0.431222 0.031369 0.039290
0 0.663216 0.409676 0.042776 0.039290
0 0.412265 0.421717 0.029468 0.045627
0 0.529186 0.062401 0.044677 0.069708
0 0.662265 0.932628 0.027567 0.048439
0 0.555326 0.965443 0.030418 0.045627
0 0.643729 0.203085 0.022814 0.024081
0 0.388976 0.609929 0.024715 0.031686
0 0.125668 0.462908 0.032319 0.044360
0 0.198387 0.964175 0.033270 0.048162
