0 0.400792 0.158869 0.013241 0.018596
0 0.663694 0.175690 0.010759 0.017325
0 0.345309 0.197543 0.010642 0.015961
0 0.637345 0.201260 0.008213 0.012817
0 0.578609 0.151418 0.011806 0.017801
0 0.329352 0.241541 0.012831 0.015195
0 0.165886 0.439971 0.009072 0.013996
0 0.562411 0.177099 0.008908 0.013751
0 0.379187 0.150151 0.009619 0.014979
0 0.508972 0.500278 0.008843 0.013090
0 0.578140 0.184807 0.007605 0.014245
0 0.310684 0.202974 0.008549 0.014428
0 0.213392 0.345822 0.009610 0.012829
0 0.200763 0.481103 0.013308 0.025641
0 0.254551 0.317527 0.009895 0.013082
