0 0.710000 0.394007 0.011680 0.016568
0 0.403168 0.223883 0.007841 0.011859
0 0.431277 0.082955 0.008555 0.012821
0 0.518306 0.078053 0.006369 0.009916
0 0.397744 0.385733 0.015447 0.023836
0 0.639452 0.798767 0.019962 0.028490
0 0.553883 0.147098 0.009594 0.015837
0 0.141954 0.469837 0.010947 0.016264
0 0.431620 0.150944 0.010778 0.016575
0 0.682781 0.238578 0.014073 0.022385
0 0.132596 0.627811 0.013816 0.016983
0 0.430055 0.295802 0.013590 0.022036
0 0.464156 0.086925 0.006789 0.012777
0 0.127595 0.508220 0.018132 0.026810
0 0.800804 0.583340 0.013855 0.022950
0 0.259214 0.220539 0.010453 0.016600
